image_width: 640
image_height: 480
camera_name: narrow_stereo
camera_matrix:
  rows: 3
  cols: 3
  data: [741.315010, 0.000000, 373.192170, 0.000000, 736.443840, 191.725128, 0.000000, 0.000000, 1.000000]
distortion_model: plumb_bob
distortion_coefficients:
  rows: 1
  cols: 5
  data: [0.087341, 0.025086, -0.014761, 0.032023, 0.000000]
rectification_matrix:
  rows: 3
  cols: 3
  data: [1.000000, 0.000000, 0.000000, 0.000000, 1.000000, 0.000000, 0.000000, 0.000000, 1.000000]
projection_matrix:
  rows: 3
  cols: 4
  data: [753.088257, 0.000000, 384.710701, 0.000000, 0.000000, 763.667114, 188.334514, 0.000000, 0.000000, 0.000000, 1.000000, 0.000000]
