image_width: 160
image_height: 120
camera_name: camera
camera_matrix:
  rows: 3
  cols: 3
  data: [68.674551, 0.000000, 75.912215, 0.000000, 67.968461, 60.676718, 0.000000, 0.000000, 1.000000]
distortion_model: plumb_bob
distortion_coefficients:
  rows: 1
  cols: 5
  data: [-0.177761, 0.025985, 0.003210, -0.003704, 0.000000]
rectification_matrix:
  rows: 3
  cols: 3
  data: [1.000000, 0.000000, 0.000000, 0.000000, 1.000000, 0.000000, 0.000000, 0.000000, 1.000000]
projection_matrix:
  rows: 3
  cols: 4
  data: [50.158981, 0.000000, 73.415796, 0.000000, 0.000000, 56.439510, 62.073983, 0.000000, 0.000000, 0.000000, 1.000000, 0.000000]
