image_width: 320
image_height: 240
camera_name: camera
camera_matrix:
  rows: 3
  cols: 3
  data: [180.312661, 0.000000, 146.864924, 0.000000, 178.916767, 131.122406, 0.000000, 0.000000, 1.000000]
distortion_model: plumb_bob
distortion_coefficients:
  rows: 1
  cols: 5
  data: [-0.286543, 0.061434, -0.002627, 0.000448, 0.000000]
rectification_matrix:
  rows: 3
  cols: 3
  data: [1.000000, 0.000000, 0.000000, 0.000000, 1.000000, 0.000000, 0.000000, 0.000000, 1.000000]
projection_matrix:
  rows: 3
  cols: 4
  data: [130.087250, 0.000000, 142.133669, 0.000000, 0.000000, 149.825241, 134.806162, 0.000000, 0.000000, 0.000000, 1.000000, 0.000000]
