image_width: 640
image_height: 480
camera_name: narrow_stereo
camera_matrix:
  rows: 3
  cols: 3
  data: [688.311934, 0.000000, 312.127612, 0.000000, 697.694288, 211.976413, 0.000000, 0.000000, 1.000000]
distortion_model: plumb_bob
distortion_coefficients:
  rows: 1
  cols: 5
  data: [0.030200, 0.112484, -0.026852, -0.007027, 0.000000]
rectification_matrix:
  rows: 3
  cols: 3
  data: [1.000000, 0.000000, 0.000000, 0.000000, 1.000000, 0.000000, 0.000000, 0.000000, 1.000000]
projection_matrix:
  rows: 3
  cols: 4
  data: [710.735779, 0.000000, 309.223994, 0.000000, 0.000000, 710.610596, 203.036225, 0.000000, 0.000000, 0.000000, 1.000000, 0.000000]
